no lib + no regex: 0.06759362399952806
lib: 0.026628636000168626
regex: 0.032346663000680564