no lib + no regex: 0.1315980129984382
lib: 0.047403575998032466
regex: 0.05752121200202964